kinematics:
  shoulder:
    x: 0
    y: 0
    z: 0.1624689812396147
    roll: -0
    pitch: 0
    yaw: -2.802338527451831e-08
  upper_arm:
    x: 0.0002063127212637163
    y: 0
    z: 0
    roll: 1.571292836432914
    pitch: 0
    yaw: 3.734730901727525e-06
  forearm:
    x: -0.424955257115537
    y: 0
    z: 0
    roll: 3.141011494744109
    pitch: -3.140914111265511
    yaw: -3.141589153593034
  wrist_1:
    x: -0.3921906980627823
    y: -0.0007966272620328529
    z: 0.1334631934707067
    roll: 0.00596882017329167
    pitch: -1.93925953556835e-05
    yaw: -1.457148035155324e-06
  wrist_2:
    x: 8.566775346833157e-05
    y: -0.09971111016094394
    z: 6.264233533534771e-05
    roll: 1.570168088607668
    pitch: 0
    yaw: 5.5247295157671e-08
  wrist_3:
    x: 9.712129068033906e-06
    y: 0.09965680807901534
    z: 2.034928259905164e-05
    roll: 1.571000520393994
    pitch: 3.141592653589793
    yaw: 3.141592641293827
  hash: calib_3323091669541955915